TS|CO2|NO2
1577887200|599|2.100
1577887201|598|2.200
1577887202|597|2.300
1577887203|598|2.200
1577887204|599|2.100
1577887205|600|2.100
1577887206|601|2.100
1577887207|600|2.000
1577887208|600|2.000
1577887209|601|1.900
1577887210|600|1.900
1577887211|601|1.800
1577887212|601|1.800
1577887213|602|1.900
1577887214|601|2.000
1577887215|600|2.000
1577887216|599|2.000
1577887217|599|1.900
1577887218|599|1.800
1577887219|600|1.700
1577887220|600|1.700
1577887221|600|1.600
1577887222|600|1.500
1577887223|600|1.500
1577887224|600|1.600
1577887225|601|1.500
1577887226|602|1.500
1577887227|602|1.600
1577887228|601|1.600
1577887229|600|1.500
1577887230|599|1.600
1577887231|599|1.600
1577887232|598|1.700
1577887233|599|1.800
1577887234|599|1.800
1577887235|600|1.900
1577887236|600|1.900
1577887237|601|1.900
1577887238|601|1.900
1577887239|602|1.900
1577887240|603|1.800
1577887241|603|1.700
1577887242|603|1.800
1577887243|604|1.900
1577887244|603|2.000
1577887245|603|2.000
1577887246|604|2.000
1577887247|605|2.100
1577887248|606|2.000
1577887249|607|2.100
1577887250|606|2.200
1577887251|607|2.200
1577887252|608|2.200
1577887253|608|2.100
1577887254|607|2.100
1577887255|606|2.100
1577887256|607|2.200
1577887257|607|2.200
1577887258|607|2.100
1577887259|606|2.000
1577887260|606|2.100
1577887261|606|2.000
1577887262|605|2.000
1577887263|604|2.000
1577887264|604|2.000
1577887265|603|2.000
1577887266|603|2.100
1577887267|603|2.200
1577887268|602|2.100
1577887269|602|2.000
1577887270|601|2.100
1577887271|601|2.200
1577887272|601|2.300
1577887273|602|2.200
1577887274|603|2.200
1577887275|602|2.300
1577887276|602|2.300
1577887277|602|2.200
1577887278|603|2.100
1577887279|602|2.200
1577887280|603|2.300
1577887281|602|2.400
1577887282|603|2.300
1577887283|604|2.400
1577887284|604|2.500
1577887285|605|2.600
1577887286|604|2.500
1577887287|603|2.600
1577887288|604|2.700
1577887289|605|2.600
1577887290|604|2.600
1577887291|604|2.700
1577887292|605|2.600
1577887293|604|2.700
1577887294|604|2.700
1577887295|603|2.700
1577887296|604|2.700
1577887297|603|2.700
1577887298|604|2.600
1577887299|605|2.700
1577887300|604|2.700
1577887301|604|2.700
1577887302|605|2.600
1577887303|605|2.500
1577887304|604|2.400
1577887305|603|2.400
1577887306|603|2.400
1577887307|602|2.500
1577887308|602|2.400
1577887309|603|2.500
1577887310|604|2.500
1577887311|603|2.400
1577887312|604|2.500
1577887313|603|2.400
1577887314|604|2.300
1577887315|604|2.200
1577887316|604|2.300
1577887317|603|2.300
1577887318|602|2.300
1577887319|603|2.200
1577887320|604|2.100
1577887321|603|2.200
1577887322|604|2.300
1577887323|605|2.200
1577887324|606|2.200
1577887325|607|2.100
1577887326|608|2.000
1577887327|608|1.900
1577887328|609|1.800
1577887329|610|1.700
1577887330|611|1.700
1577887331|610|1.600
1577887332|609|1.500
1577887333|609|1.600
1577887334|609|1.600
1577887335|610|1.700
1577887336|610|1.800
1577887337|609|1.900
1577887338|609|1.900
1577887339|609|1.800
1577887340|609|1.700
1577887341|608|1.600
1577887342|609|1.700
1577887343|610|1.700
1577887344|611|1.600
1577887345|612|1.700
1577887346|613|1.700
1577887347|612|1.600
1577887348|613|1.700
1577887349|614|1.800
1577887350|615|1.700
1577887351|616|1.600
1577887352|616|1.500
1577887353|617|1.500
1577887354|617|1.600
1577887355|617|1.700
1577887356|618|1.800
1577887357|618|1.800
1577887358|617|1.800
1577887359|616|1.700
1577887360|617|1.600
1577887361|616|1.700
1577887362|617|1.700
1577887363|616|1.600
1577887364|615|1.500
1577887365|615|1.600
1577887366|616|1.700
1577887367|616|1.600
1577887368|616|1.500
1577887369|617|1.500
1577887370|617|1.500
1577887371|616|1.500
1577887372|617|1.600
1577887373|618|1.500
1577887374|618|1.400
1577887375|617|1.300
1577887376|616|1.300
1577887377|616|1.400
1577887378|617|1.400
1577887379|617|1.400
1577887380|618|1.500
1577887381|619|1.400
1577887382|618|1.300
1577887383|617|1.400
1577887384|618|1.400
1577887385|618|1.300
1577887386|618|1.200
1577887387|619|1.100
1577887388|619|1.200
1577887389|619|1.200
1577887390|618|1.200
1577887391|619|1.200
1577887392|619|1.300
1577887393|618|1.300
1577887394|618|1.200
1577887395|617|1.200
1577887396|617|1.100
1577887397|618|1.200
1577887398|617|1.300
1577887399|617|1.300
1577887400|617|1.300
1577887401|618|1.400
1577887402|617|1.400
1577887403|617|1.400
1577887404|618|1.500
1577887405|618|1.400
1577887406|617|1.300
1577887407|616|1.300
1577887408|615|1.200
1577887409|615|1.200
1577887410|615|1.200
1577887411|614|1.200
1577887412|614|1.300
1577887413|613|1.200
1577887414|614|1.100
1577887415|613|1.100
1577887416|612|1.100
1577887417|612|1.200
1577887418|612|1.200
1577887419|613|1.200
1577887420|613|1.100
1577887421|613|1.100
1577887422|612|1.200
1577887423|611|1.200
1577887424|610|1.100
1577887425|611|1.000
1577887426|610|1.000
1577887427|611|1.000
1577887428|612|1.000
1577887429|611|0.900
1577887430|612|0.800
1577887431|613|0.900
1577887432|613|0.800
1577887433|614|0.900
1577887434|615|0.800
1577887435|616|0.800
1577887436|617|0.900
1577887437|617|0.900
1577887438|616|0.900
1577887439|615|0.800
1577887440|615|0.800
1577887441|615|0.700
1577887442|614|0.800
1577887443|615|0.700
1577887444|614|0.800
1577887445|613|0.900
1577887446|613|0.900
1577887447|613|0.900
1577887448|614|0.900
1577887449|614|0.900
1577887450|613|0.900
1577887451|614|0.900
1577887452|613|0.900
1577887453|614|0.800
1577887454|614|0.800
1577887455|615|0.700
1577887456|616|0.800
1577887457|616|0.900
1577887458|616|0.900
1577887459|615|0.800
1577887460|614|0.700
1577887461|615|0.600
1577887462|616|0.600
1577887463|615|0.500
1577887464|616|0.400
1577887465|615|0.500
1577887466|615|0.500
1577887467|616|0.400
1577887468|617|0.300
1577887469|618|0.300
1577887470|618|0.200
1577887471|619|0.300
1577887472|620|0.400
1577887473|621|0.500
1577887474|620|0.500
1577887475|619|0.400
1577887476|618|0.400
1577887477|619|0.400
1577887478|619|0.400
1577887479|618|0.300
1577887480|619|0.400
1577887481|620|0.500
1577887482|621|0.400
1577887483|622|0.500
1577887484|621|0.400
1577887485|621|0.500
1577887486|622|0.600
1577887487|621|0.700
1577887488|620|0.600
1577887489|621|0.700
1577887490|620|0.600
1577887491|619|0.500
1577887492|620|0.600
1577887493|619|0.600
1577887494|618|0.700
1577887495|619|0.700
1577887496|618|0.700
1577887497|617|0.800
1577887498|618|0.800
1577887499|619|0.900
1577887500|620|1.000
1577887501|621|0.900
1577887502|622|1.000
1577887503|621|1.100
1577887504|621|1.000
1577887505|621|1.100
1577887506|620|1.200
1577887507|620|1.100
1577887508|621|1.000
1577887509|621|0.900
1577887510|621|1.000
1577887511|620|0.900
1577887512|619|0.900
1577887513|618|0.800
1577887514|618|0.900
1577887515|617|0.800
1577887516|617|0.700
1577887517|617|0.600
1577887518|616|0.500
1577887519|616|0.400
1577887520|617|0.500
1577887521|618|0.500
1577887522|617|0.400
1577887523|617|0.300
1577887524|617|0.400
1577887525|616|0.300
1577887526|615|0.300
1577887527|615|0.400
1577887528|614|0.400
1577887529|615|0.400
1577887530|614|0.300
1577887531|613|0.300
1577887532|612|0.300
1577887533|611|0.200
1577887534|611|0.300
1577887535|611|0.300
1577887536|611|0.200
1577887537|611|0.100
1577887538|610|0.200
1577887539|609|0.100
1577887540|610|0.100
1577887541|610|0.000
1577887542|609|0.000
1577887543|609|0.000
1577887544|610|0.000
1577887545|611|0.000
1577887546|610|0.000
1577887547|610|0.000
1577887548|609|0.000
1577887549|610|0.000
1577887550|611|0.000
1577887551|611|0.000
1577887552|611|0.000
1577887553|610|0.000
1577887554|610|0.000
1577887555|609|0.000
1577887556|609|0.000
1577887557|610|0.000
1577887558|611|0.000
1577887559|612|0.000
1577887560|612|0.000
1577887561|612|0.000
1577887562|613|0.000
1577887563|613|0.000
1577887564|612|0.000
1577887565|613|0.000
1577887566|613|0.000
1577887567|612|0.000
1577887568|611|0.000
1577887569|611|0.000
1577887570|611|0.000
1577887571|610|0.000
1577887572|609|0.000
1577887573|608|0.000
1577887574|607|0.000
1577887575|608|0.000
1577887576|609|0.000
1577887577|609|0.000
1577887578|608|0.000
1577887579|608|0.000
1577887580|607|0.000
1577887581|607|0.000
1577887582|606|0.100
1577887583|605|0.100
1577887584|604|0.200
1577887585|603|0.300
1577887586|603|0.200
1577887587|603|0.200
1577887588|604|0.200
1577887589|604|0.200
1577887590|605|0.300
1577887591|606|0.400
1577887592|605|0.300
1577887593|604|0.300
1577887594|603|0.400
1577887595|603|0.400
1577887596|603|0.400
1577887597|603|0.500
1577887598|603|0.600
1577887599|604|0.500
1577887600|605|0.500
1577887601|606|0.500
1577887602|607|0.400
1577887603|607|0.300
1577887604|607|0.400
1577887605|607|0.300
1577887606|606|0.300
1577887607|605|0.400
1577887608|605|0.400
1577887609|606|0.500
1577887610|606|0.600
1577887611|606|0.600
1577887612|606|0.700
1577887613|607|0.600
1577887614|607|0.600
1577887615|607|0.700
1577887616|607|0.600
1577887617|606|0.600
1577887618|607|0.600
1577887619|607|0.500
1577887620|606|0.500
1577887621|607|0.400
1577887622|607|0.500
1577887623|606|0.500
1577887624|607|0.600
1577887625|607|0.600
1577887626|607|0.600
1577887627|606|0.700
1577887628|605|0.600
1577887629|605|0.600
1577887630|604|0.600
1577887631|604|0.600
1577887632|603|0.600
1577887633|602|0.500
1577887634|601|0.400
1577887635|600|0.300
1577887636|600|0.300
1577887637|600|0.300
1577887638|600|0.200
1577887639|599|0.100
1577887640|598|0.100
1577887641|597|0.000
1577887642|597|0.000
1577887643|598|0.000
1577887644|598|0.000
1577887645|597|0.000
1577887646|596|0.100
1577887647|595|0.100
1577887648|594|0.000
1577887649|595|0.000
1577887650|594|0.000
1577887651|593|0.100
1577887652|593|0.000
1577887653|593|0.000
1577887654|593|0.000
1577887655|594|0.000
1577887656|594|0.000
1577887657|594|0.000
1577887658|594|0.000
1577887659|595|0.000
1577887660|595|0.000
1577887661|596|0.000
1577887662|597|0.000
1577887663|596|0.000
1577887664|596|0.000
1577887665|597|0.000
1577887666|598|0.000
1577887667|597|0.000
1577887668|598|0.000
1577887669|599|0.000
1577887670|600|0.000
1577887671|601|0.000
1577887672|602|0.000
1577887673|602|0.000
1577887674|601|0.000
1577887675|602|0.000
1577887676|601|0.000
1577887677|601|0.000
1577887678|600|0.000
1577887679|601|0.000
1577887680|602|0.000
1577887681|601|0.000
1577887682|601|0.000
1577887683|601|0.000
1577887684|601|0.000
1577887685|602|0.000
1577887686|603|0.000
1577887687|603|0.000
1577887688|604|0.000
1577887689|603|0.000
1577887690|604|0.000
1577887691|604|0.000
1577887692|604|0.000
1577887693|604|0.000
1577887694|603|0.000
1577887695|602|0.000
1577887696|601|0.000
1577887697|600|0.000
1577887698|600|0.000
1577887699|601|0.000
1577887700|600|0.000
1577887701|599|0.000
1577887702|598|0.000
1577887703|597|0.000
1577887704|598|0.000
1577887705|599|0.000
1577887706|599|0.000
1577887707|598|0.000
1577887708|597|0.000
1577887709|598|0.000
1577887710|599|0.000
1577887711|600|0.000
1577887712|600|0.000
1577887713|599|0.000
1577887714|598|0.000
1577887715|598|0.000
1577887716|598|0.000
1577887717|599|0.000
1577887718|599|0.000
1577887719|600|0.000
1577887720|600|0.000
1577887721|599|0.000
1577887722|600|0.000
1577887723|601|0.000
1577887724|601|0.000
1577887725|600|0.000
1577887726|601|0.000
1577887727|602|0.000
1577887728|601|0.000
1577887729|602|0.000
1577887730|602|0.000
1577887731|603|0.000
1577887732|603|0.000
1577887733|604|0.000
1577887734|605|0.000
1577887735|605|0.000
1577887736|604|0.000
1577887737|605|0.000
1577887738|606|0.000
1577887739|606|0.000
1577887740|605|0.000
1577887741|605|0.000
1577887742|605|0.000
1577887743|605|0.000
1577887744|605|0.000
1577887745|606|0.000
1577887746|607|0.000
1577887747|607|0.000
1577887748|608|0.000
1577887749|607|0.000
1577887750|606|0.000
1577887751|606|0.000
1577887752|607|0.000
1577887753|608|0.000
1577887754|607|0.000
1577887755|608|0.000
1577887756|608|0.000
1577887757|608|0.000
1577887758|608|0.000
1577887759|607|0.000
1577887760|608|0.000
1577887761|608|0.000
1577887762|608|0.000
1577887763|608|0.000
1577887764|608|0.000
1577887765|607|0.000
1577887766|608|0.000
1577887767|608|0.000
1577887768|607|0.000
1577887769|606|0.000
1577887770|606|0.000
1577887771|607|0.000
1577887772|608|0.000
1577887773|608|0.000
1577887774|608|0.000
1577887775|609|0.100
1577887776|610|0.100
1577887777|609|0.200
1577887778|609|0.300
1577887779|610|0.200
1577887780|611|0.200
1577887781|611|0.100
1577887782|612|0.000
1577887783|611|0.000
1577887784|612|0.000
1577887785|613|0.000
1577887786|612|0.000
1577887787|611|0.000
1577887788|612|0.000
1577887789|612|0.000
1577887790|613|0.000
1577887791|614|0.100
1577887792|613|0.100
1577887793|612|0.100
1577887794|612|0.000
1577887795|611|0.000
1577887796|610|0.000
1577887797|611|0.000
1577887798|612|0.000
1577887799|613|0.000
1577887800|612|0.000
1577887801|611|0.000
1577887802|612|0.000
1577887803|613|0.000
1577887804|614|0.000
1577887805|613|0.000
1577887806|612|0.000
1577887807|613|0.000
1577887808|612|0.100
1577887809|612|0.100
1577887810|611|0.100
1577887811|610|0.000
1577887812|609|0.000
1577887813|608|0.100
1577887814|607|0.200
1577887815|607|0.200
1577887816|606|0.300
1577887817|607|0.300
1577887818|606|0.400
1577887819|607|0.300
1577887820|608|0.200
1577887821|608|0.300
1577887822|608|0.400
1577887823|607|0.500
1577887824|607|0.400
1577887825|608|0.400
1577887826|607|0.300
1577887827|608|0.200
1577887828|607|0.200
1577887829|607|0.300
1577887830|606|0.300
1577887831|607|0.300
1577887832|606|0.400
1577887833|605|0.400
1577887834|605|0.300
1577887835|604|0.200
1577887836|603|0.200
1577887837|602|0.300
1577887838|602|0.300
1577887839|603|0.400
1577887840|602|0.400
1577887841|603|0.500
1577887842|602|0.500
1577887843|603|0.600
1577887844|603|0.700
1577887845|603|0.700
1577887846|604|0.700
1577887847|605|0.800
1577887848|605|0.700
1577887849|606|0.600
1577887850|607|0.500
1577887851|608|0.400
1577887852|608|0.500
1577887853|607|0.500
1577887854|606|0.400
1577887855|607|0.400
1577887856|607|0.400
1577887857|607|0.400
1577887858|606|0.400
1577887859|605|0.300
1577887860|604|0.400
1577887861|603|0.500
1577887862|603|0.600
1577887863|602|0.700
1577887864|601|0.800
1577887865|602|0.700
1577887866|601|0.800
1577887867|600|0.900
1577887868|601|0.800
1577887869|601|0.800
1577887870|601|0.700
1577887871|601|0.800
1577887872|601|0.900
1577887873|602|0.800
1577887874|601|0.700
1577887875|601|0.700
1577887876|600|0.800
1577887877|601|0.700
1577887878|600|0.700
1577887879|600|0.600
1577887880|600|0.600
1577887881|601|0.600
1577887882|601|0.700
1577887883|602|0.700
1577887884|602|0.800
1577887885|601|0.800
1577887886|602|0.800
1577887887|601|0.900
1577887888|602|0.800
1577887889|601|0.800
1577887890|600|0.900
1577887891|600|1.000
1577887892|601|1.000
1577887893|601|1.100
1577887894|602|1.000
1577887895|603|1.000
1577887896|602|0.900
1577887897|602|1.000
1577887898|602|0.900
1577887899|602|0.900
1577887900|603|0.800
1577887901|603|0.700
1577887902|602|0.800
1577887903|603|0.900
1577887904|604|1.000
1577887905|604|1.000
1577887906|604|0.900
1577887907|605|1.000
1577887908|604|1.100
1577887909|605|1.200
1577887910|605|1.200
1577887911|604|1.300
1577887912|604|1.300
1577887913|604|1.300
1577887914|605|1.300
1577887915|604|1.400
1577887916|605|1.300
1577887917|606|1.300
1577887918|606|1.300
1577887919|606|1.300
1577887920|605|1.200
1577887921|606|1.100
1577887922|607|1.200
1577887923|607|1.200
1577887924|606|1.100
1577887925|605|1.200
1577887926|605|1.100
1577887927|606|1.200
1577887928|606|1.200
1577887929|605|1.100
1577887930|606|1.200
1577887931|606|1.100
1577887932|606|1.200
1577887933|605|1.200
1577887934|606|1.200
1577887935|606|1.100
1577887936|605|1.200
1577887937|604|1.300
1577887938|603|1.200
1577887939|603|1.100
1577887940|604|1.200
1577887941|603|1.200
1577887942|602|1.100
1577887943|602|1.100
1577887944|603|1.000
1577887945|603|1.000
1577887946|604|1.000
1577887947|603|0.900
1577887948|602|1.000
1577887949|603|1.100
1577887950|604|1.100
1577887951|603|1.200
1577887952|603|1.200
1577887953|604|1.100
1577887954|605|1.100
1577887955|604|1.100
1577887956|603|1.100
1577887957|604|1.200
1577887958|605|1.100
1577887959|605|1.000
1577887960|605|1.000
1577887961|606|1.000
1577887962|606|0.900
1577887963|605|0.800
1577887964|606|0.800
1577887965|606|0.800
1577887966|607|0.800
1577887967|606|0.700
1577887968|605|0.600
1577887969|604|0.700
1577887970|604|0.800
1577887971|603|0.800
1577887972|603|0.800
1577887973|602|0.800
1577887974|601|0.800
1577887975|600|0.700
1577887976|600|0.600
1577887977|601|0.500
1577887978|601|0.600
1577887979|601|0.600
1577887980|602|0.500
1577887981|601|0.600
1577887982|600|0.700
1577887983|599|0.800
1577887984|598|0.800
1577887985|597|0.800
1577887986|598|0.800
1577887987|597|0.900
1577887988|598|0.800
1577887989|598|0.900
1577887990|599|0.900
1577887991|598|1.000
1577887992|599|1.100
1577887993|600|1.000
1577887994|600|1.100
1577887995|599|1.200
1577887996|599|1.100
1577887997|598|1.000
1577887998|597|0.900
1577887999|598|0.900
1577888000|598|0.800
1577888001|598|0.900
1577888002|598|1.000
1577888003|597|1.000
1577888004|597|1.000
1577888005|597|1.000
1577888006|596|0.900
1577888007|597|0.800
1577888008|596|0.700
1577888009|595|0.800
1577888010|596|0.800
1577888011|596|0.800
1577888012|595|0.700
1577888013|596|0.700
1577888014|596|0.800
1577888015|596|0.900
1577888016|595|0.900
1577888017|596|1.000
1577888018|595|0.900
1577888019|594|0.900
1577888020|594|1.000
1577888021|595|1.000
1577888022|594|0.900
1577888023|594|1.000
1577888024|593|1.100
1577888025|593|1.100
1577888026|593|1.000
1577888027|593|0.900
1577888028|594|1.000
1577888029|594|0.900
1577888030|593|0.900
1577888031|592|1.000
1577888032|592|1.000
1577888033|591|0.900
1577888034|591|0.900
1577888035|592|1.000
1577888036|592|1.100
1577888037|592|1.000
1577888038|591|1.100
1577888039|590|1.200
1577888040|590|1.200
1577888041|590|1.100
1577888042|590|1.100
1577888043|591|1.100
1577888044|591|1.100
1577888045|590|1.000
1577888046|591|1.100
1577888047|591|1.000
1577888048|591|1.100
1577888049|592|1.200
1577888050|593|1.100
1577888051|593|1.200
1577888052|593|1.200
1577888053|592|1.300
1577888054|593|1.400
1577888055|592|1.400
1577888056|591|1.400
1577888057|591|1.300
1577888058|590|1.200
1577888059|589|1.300
1577888060|588|1.200
1577888061|588|1.300
1577888062|589|1.200
1577888063|589|1.300
1577888064|590|1.200
1577888065|590|1.100
1577888066|591|1.100
1577888067|590|1.100
1577888068|589|1.100
1577888069|588|1.000
1577888070|587|1.000
1577888071|588|1.000
1577888072|588|0.900
1577888073|588|0.900
1577888074|588|1.000
1577888075|589|1.100
1577888076|589|1.000
1577888077|589|0.900
1577888078|590|0.800
1577888079|589|0.800
1577888080|590|0.700
1577888081|590|0.800
1577888082|591|0.900
1577888083|592|0.800
1577888084|592|0.800
1577888085|593|0.700
1577888086|593|0.700
1577888087|594|0.600
1577888088|595|0.700
1577888089|595|0.600
1577888090|594|0.600
1577888091|595|0.500
1577888092|594|0.600
1577888093|594|0.700
1577888094|594|0.700
1577888095|594|0.700
1577888096|595|0.700
1577888097|595|0.600
1577888098|594|0.500
1577888099|594|0.400
1577888100|593|0.500
1577888101|593|0.600
1577888102|592|0.600
1577888103|592|0.700
1577888104|593|0.800
1577888105|593|0.900
1577888106|594|1.000
1577888107|593|1.000
1577888108|594|1.000
1577888109|593|1.100
1577888110|593|1.100
1577888111|594|1.200
1577888112|594|1.100
1577888113|594|1.200
1577888114|594|1.100
1577888115|595|1.100
1577888116|595|1.100
1577888117|595|1.200
1577888118|596|1.100
1577888119|596|1.200
1577888120|596|1.100
1577888121|595|1.200
1577888122|595|1.100
1577888123|595|1.100
1577888124|595|1.200
1577888125|595|1.200
1577888126|596|1.200
1577888127|597|1.100
1577888128|596|1.100
1577888129|596|1.000
1577888130|597|0.900
1577888131|597|0.900
1577888132|598|1.000
1577888133|597|0.900
1577888134|596|0.800
1577888135|596|0.900
1577888136|596|1.000
1577888137|597|1.000
1577888138|597|1.000
1577888139|598|1.000
1577888140|598|1.000
1577888141|598|1.100
1577888142|597|1.000
1577888143|598|1.000
1577888144|599|1.000
1577888145|599|1.000
1577888146|600|1.000
1577888147|599|1.100
1577888148|600|1.100
1577888149|600|1.200
1577888150|600|1.200
1577888151|599|1.100
1577888152|599|1.000
1577888153|599|1.100
1577888154|600|1.200
1577888155|601|1.200
1577888156|601|1.100
1577888157|602|1.100
1577888158|602|1.000
1577888159|603|1.000
1577888160|602|1.000
1577888161|601|0.900
1577888162|601|0.900
1577888163|601|0.800
1577888164|602|0.800
1577888165|603|0.800
1577888166|604|0.900
1577888167|605|1.000
1577888168|605|1.000
1577888169|604|1.000
1577888170|604|1.100
1577888171|604|1.100
1577888172|605|1.200
1577888173|605|1.300
1577888174|605|1.300
1577888175|605|1.200
1577888176|605|1.100
1577888177|604|1.100
1577888178|605|1.100
1577888179|606|1.000
1577888180|606|1.100
1577888181|605|1.000
1577888182|605|1.100
1577888183|604|1.000
1577888184|604|1.000
1577888185|605|1.100
1577888186|605|1.000
1577888187|605|1.000
1577888188|604|1.100
1577888189|605|1.100
1577888190|605|1.200
1577888191|604|1.100
1577888192|603|1.000
1577888193|603|1.000
1577888194|603|0.900
1577888195|603|0.900
1577888196|603|0.800
1577888197|602|0.900
1577888198|602|0.900
1577888199|602|0.800
1577888200|603|0.800
1577888201|603|0.700
1577888202|603|0.800
1577888203|602|0.700
1577888204|601|0.600
1577888205|600|0.700
1577888206|601|0.700
1577888207|600|0.700
1577888208|600|0.600
1577888209|599|0.500
1577888210|598|0.500
1577888211|599|0.500
1577888212|600|0.600
1577888213|601|0.500
1577888214|601|0.500
1577888215|602|0.500
1577888216|602|0.500
1577888217|601|0.600
1577888218|602|0.600
1577888219|602|0.500
1577888220|603|0.600
1577888221|602|0.700
1577888222|601|0.600
1577888223|602|0.500
1577888224|603|0.600
1577888225|604|0.600
1577888226|603|0.500
1577888227|602|0.400
1577888228|601|0.300
1577888229|602|0.200
1577888230|602|0.100
1577888231|603|0.000
1577888232|604|0.100
1577888233|605|0.000
1577888234|605|0.100
1577888235|606|0.200
1577888236|605|0.100
1577888237|606|0.200
1577888238|605|0.100
1577888239|606|0.200
1577888240|607|0.100
1577888241|608|0.200
1577888242|607|0.100
1577888243|607|0.200
1577888244|608|0.200
1577888245|607|0.100
1577888246|607|0.200
1577888247|606|0.200
1577888248|607|0.200
1577888249|607|0.300
1577888250|606|0.200
1577888251|607|0.200
1577888252|608|0.300
1577888253|609|0.300
1577888254|610|0.200
1577888255|609|0.300
1577888256|609|0.200
1577888257|608|0.300
1577888258|608|0.300
1577888259|609|0.300
1577888260|609|0.300
1577888261|610|0.300
1577888262|609|0.400
1577888263|610|0.500
1577888264|609|0.400
1577888265|609|0.400
1577888266|609|0.400
1577888267|609|0.500
1577888268|610|0.600
1577888269|611|0.600
1577888270|612|0.500
1577888271|613|0.400
1577888272|612|0.500
1577888273|612|0.400
1577888274|612|0.500
1577888275|611|0.500
1577888276|612|0.500
1577888277|613|0.600
1577888278|613|0.500
1577888279|612|0.500
1577888280|613|0.600
1577888281|613|0.500
1577888282|612|0.600
1577888283|612|0.600
1577888284|613|0.500
1577888285|613|0.400
1577888286|614|0.400
1577888287|615|0.300
1577888288|614|0.200
1577888289|614|0.200
1577888290|613|0.200
1577888291|613|0.100
1577888292|612|0.200
1577888293|612|0.300
1577888294|611|0.200
1577888295|610|0.200
1577888296|609|0.300
1577888297|608|0.200
1577888298|608|0.100
1577888299|609|0.000
1577888300|609|0.100
1577888301|608|0.000
1577888302|609|0.000
1577888303|609|0.000
1577888304|609|0.000
1577888305|610|0.000
1577888306|609|0.000
1577888307|608|0.000
1577888308|607|0.000
1577888309|608|0.100
1577888310|608|0.100
1577888311|608|0.000
1577888312|608|0.000
1577888313|608|0.000
1577888314|609|0.000
1577888315|610|0.000
1577888316|610|0.000
1577888317|611|0.000
1577888318|612|0.100
1577888319|612|0.100
1577888320|613|0.100
1577888321|614|0.100
1577888322|613|0.100
1577888323|614|0.000
1577888324|615|0.000
1577888325|614|0.100
1577888326|614|0.100
1577888327|614|0.200
1577888328|613|0.300
1577888329|612|0.300
1577888330|613|0.200
1577888331|614|0.200
1577888332|613|0.100
1577888333|613|0.100
1577888334|613|0.000
1577888335|612|0.000
1577888336|612|0.100
1577888337|611|0.000
1577888338|612|0.000
1577888339|612|0.000
1577888340|611|0.000
1577888341|611|0.000
1577888342|611|0.000
1577888343|610|0.100
1577888344|611|0.000
1577888345|610|0.000
1577888346|611|0.100
1577888347|612|0.100
1577888348|612|0.100
1577888349|611|0.000
1577888350|610|0.000
1577888351|611|0.000
1577888352|611|0.000
1577888353|611|0.100
1577888354|610|0.100
1577888355|609|0.100
1577888356|608|0.100
1577888357|608|0.200
1577888358|609|0.100
1577888359|608|0.200
1577888360|607|0.100
1577888361|606|0.200
1577888362|606|0.100
1577888363|607|0.000
1577888364|606|0.000
1577888365|606|0.000
1577888366|606|0.000
1577888367|605|0.000
1577888368|604|0.000
1577888369|603|0.000
1577888370|602|0.000
1577888371|603|0.000
1577888372|604|0.100
1577888373|603|0.100
1577888374|603|0.000
1577888375|602|0.000
1577888376|603|0.000
1577888377|602|0.000
1577888378|603|0.000
1577888379|602|0.000
1577888380|602|0.000
1577888381|602|0.000
1577888382|603|0.000
1577888383|604|0.000
1577888384|604|0.000
1577888385|604|0.000
1577888386|604|0.000
1577888387|603|0.100
1577888388|604|0.100
1577888389|603|0.000
1577888390|602|0.000
1577888391|602|0.000
1577888392|602|0.000
1577888393|601|0.100
1577888394|602|0.100
1577888395|603|0.200
1577888396|604|0.300
1577888397|605|0.400
1577888398|604|0.300
1577888399|605|0.300
1577888400|606|0.200
1577888401|605|0.100
1577888402|604|0.100
1577888403|605|0.200
1577888404|605|0.300
1577888405|606|0.400
1577888406|607|0.500
1577888407|607|0.500
1577888408|608|0.500
1577888409|607|0.600
1577888410|607|0.500
1577888411|607|0.400
1577888412|607|0.400
1577888413|606|0.300
1577888414|607|0.300
1577888415|608|0.300
1577888416|608|0.300
1577888417|607|0.200
1577888418|608|0.200
1577888419|609|0.100
1577888420|608|0.200
1577888421|608|0.300
1577888422|608|0.400
1577888423|607|0.500
1577888424|606|0.500
1577888425|607|0.500
1577888426|608|0.400
1577888427|609|0.300
1577888428|608|0.300
1577888429|608|0.400
1577888430|608|0.400
1577888431|607|0.500
1577888432|608|0.500
1577888433|609|0.500
1577888434|608|0.600
1577888435|608|0.500
1577888436|608|0.500
1577888437|608|0.400
1577888438|607|0.400
1577888439|606|0.400
1577888440|607|0.400
1577888441|607|0.500
1577888442|607|0.600
1577888443|608|0.700
1577888444|607|0.700
1577888445|608|0.800
1577888446|608|0.900
1577888447|608|0.900
1577888448|609|1.000
1577888449|608|1.100
1577888450|609|1.200
1577888451|608|1.100
1577888452|607|1.100
1577888453|608|1.200
1577888454|609|1.300
1577888455|608|1.300
1577888456|609|1.400
1577888457|608|1.400
1577888458|609|1.400
1577888459|609|1.300
1577888460|608|1.400
1577888461|607|1.300
1577888462|608|1.300
1577888463|608|1.200
1577888464|609|1.300
1577888465|608|1.400
1577888466|607|1.400
1577888467|606|1.500
1577888468|607|1.600
1577888469|608|1.700
1577888470|609|1.800
1577888471|609|1.700
1577888472|608|1.800
1577888473|607|1.700
1577888474|606|1.700
1577888475|607|1.600
1577888476|607|1.600
1577888477|607|1.500
1577888478|606|1.600
1577888479|606|1.700
1577888480|607|1.600
1577888481|608|1.600
1577888482|609|1.500
1577888483|608|1.500
1577888484|609|1.600
1577888485|609|1.700
1577888486|609|1.600
1577888487|608|1.700
1577888488|607|1.700
1577888489|607|1.700
1577888490|606|1.700
1577888491|606|1.600
1577888492|606|1.500
1577888493|607|1.500
1577888494|608|1.500
1577888495|609|1.400
1577888496|610|1.500
1577888497|611|1.400
1577888498|610|1.500
1577888499|610|1.500
1577888500|610|1.500
1577888501|610|1.400
1577888502|609|1.500
1577888503|609|1.500
1577888504|610|1.400
1577888505|609|1.400
1577888506|610|1.300
1577888507|610|1.300
1577888508|609|1.300
1577888509|609|1.300
1577888510|610|1.300
1577888511|609|1.200
1577888512|608|1.200
1577888513|609|1.300
1577888514|609|1.200
1577888515|609|1.100
1577888516|609|1.200
1577888517|608|1.100
1577888518|607|1.000
1577888519|607|1.100
1577888520|607|1.200
1577888521|606|1.200
1577888522|607|1.200
1577888523|606|1.300
1577888524|605|1.300
1577888525|606|1.200
1577888526|605|1.300
1577888527|604|1.400
1577888528|605|1.300
1577888529|606|1.300
1577888530|605|1.200
1577888531|605|1.200
1577888532|604|1.100
1577888533|603|1.100
1577888534|604|1.200
1577888535|605|1.300
1577888536|606|1.300
1577888537|605|1.400
1577888538|604|1.500
1577888539|604|1.600
1577888540|603|1.500
1577888541|602|1.500
1577888542|603|1.400
1577888543|604|1.500
1577888544|604|1.500
1577888545|603|1.600
1577888546|602|1.500
1577888547|603|1.400
1577888548|602|1.400
1577888549|601|1.400
1577888550|601|1.500
1577888551|602|1.400
1577888552|603|1.500
1577888553|602|1.400
1577888554|603|1.300
1577888555|604|1.200
1577888556|604|1.200
1577888557|604|1.200
1577888558|605|1.300
1577888559|606|1.300
1577888560|605|1.400
1577888561|605|1.400
1577888562|605|1.500
1577888563|606|1.400
1577888564|607|1.500
1577888565|608|1.500
1577888566|607|1.400
1577888567|608|1.400
1577888568|609|1.300
1577888569|609|1.200
1577888570|608|1.200
1577888571|607|1.200
1577888572|606|1.200
1577888573|606|1.200
1577888574|605|1.100
1577888575|606|1.000
1577888576|606|1.100
1577888577|605|1.100
1577888578|606|1.000
1577888579|606|1.100
1577888580|606|1.200
1577888581|607|1.100
1577888582|607|1.200
1577888583|607|1.300
1577888584|606|1.200
1577888585|607|1.100
1577888586|607|1.200
1577888587|608|1.100
1577888588|609|1.000
1577888589|610|1.100
1577888590|610|1.000
1577888591|611|0.900
1577888592|610|1.000
1577888593|610|0.900
1577888594|611|1.000
1577888595|612|1.100
1577888596|611|1.000
1577888597|612|1.100
1577888598|613|1.100
1577888599|612|1.100
1577888600|612|1.200
1577888601|613|1.200
1577888602|612|1.200
1577888603|613|1.100
1577888604|614|1.100
1577888605|615|1.100
1577888606|614|1.000
1577888607|613|1.100
1577888608|613|1.100
1577888609|613|1.200
1577888610|613|1.200
1577888611|612|1.100
1577888612|612|1.100
1577888613|611|1.100
1577888614|610|1.000
1577888615|611|0.900
1577888616|611|0.900
1577888617|611|0.800
1577888618|610|0.800
1577888619|609|0.800
1577888620|610|0.900
1577888621|610|0.800
1577888622|611|0.700
1577888623|611|0.800
1577888624|611|0.900
1577888625|610|0.800
1577888626|611|0.800
1577888627|611|0.800
1577888628|611|0.900
1577888629|610|1.000
1577888630|611|0.900
1577888631|611|0.900
1577888632|611|0.800
1577888633|611|0.800
1577888634|612|0.900
1577888635|613|0.900
1577888636|612|1.000
1577888637|612|1.100
1577888638|612|1.200
1577888639|613|1.300
1577888640|613|1.400
1577888641|614|1.400
1577888642|615|1.400
1577888643|616|1.300
1577888644|617|1.400
1577888645|618|1.500
1577888646|617|1.400
1577888647|616|1.400
1577888648|617|1.500
1577888649|616|1.500
1577888650|615|1.600
1577888651|615|1.700
1577888652|614|1.800
1577888653|615|1.800
1577888654|616|1.900
1577888655|615|2.000
1577888656|616|1.900
1577888657|615|1.900
1577888658|615|1.900
1577888659|616|1.800
1577888660|616|1.900
1577888661|616|1.900
1577888662|617|2.000
1577888663|618|2.000
1577888664|618|2.000
1577888665|619|2.100
1577888666|619|2.000
1577888667|620|2.000
1577888668|621|2.000
1577888669|620|1.900
1577888670|619|2.000
1577888671|619|2.100
1577888672|619|2.100
1577888673|619|2.100
1577888674|620|2.200
1577888675|620|2.300
1577888676|620|2.300
1577888677|621|2.400
1577888678|621|2.500
1577888679|621|2.400
1577888680|622|2.500
1577888681|622|2.400
1577888682|623|2.300
1577888683|624|2.200
1577888684|625|2.100
1577888685|626|2.200
1577888686|627|2.200
1577888687|626|2.300
1577888688|626|2.200
1577888689|627|2.100
1577888690|626|2.200
1577888691|627|2.100
1577888692|626|2.200
1577888693|625|2.300
1577888694|624|2.200
1577888695|625|2.300
1577888696|626|2.400
1577888697|627|2.500
1577888698|626|2.600
1577888699|626|2.600
1577888700|625|2.700
1577888701|625|2.700
1577888702|625|2.700
1577888703|626|2.800
1577888704|625|2.700
1577888705|626|2.600
1577888706|627|2.700
1577888707|626|2.800
1577888708|627|2.900
1577888709|628|3.000
1577888710|628|2.900
1577888711|627|2.800
1577888712|626|2.800
1577888713|626|2.700
1577888714|627|2.700
1577888715|626|2.700
1577888716|626|2.700
1577888717|625|2.600
1577888718|626|2.500
1577888719|625|2.600
1577888720|624|2.500
1577888721|625|2.500
1577888722|625|2.600
1577888723|624|2.500
1577888724|624|2.500
1577888725|625|2.400
1577888726|624|2.300
1577888727|623|2.400
1577888728|623|2.500
1577888729|623|2.500
1577888730|622|2.500
1577888731|622|2.500
1577888732|622|2.400
1577888733|622|2.500
1577888734|621|2.500
1577888735|620|2.400
1577888736|620|2.300
1577888737|619|2.400
1577888738|620|2.500
1577888739|620|2.500
1577888740|620|2.400
1577888741|620|2.400
1577888742|620|2.300
1577888743|621|2.300
1577888744|622|2.200
1577888745|623|2.100
1577888746|624|2.100
1577888747|624|2.100
1577888748|623|2.000
1577888749|623|1.900
1577888750|624|1.900
1577888751|625|1.800
1577888752|624|1.800
1577888753|625|1.800
1577888754|626|1.700
1577888755|626|1.700
1577888756|627|1.700
1577888757|626|1.600
1577888758|627|1.500
1577888759|626|1.600
1577888760|626|1.700
1577888761|626|1.600
1577888762|627|1.700
1577888763|626|1.600
1577888764|627|1.700
1577888765|627|1.600
1577888766|627|1.600
1577888767|627|1.700
1577888768|628|1.800
1577888769|629|1.700
1577888770|628|1.800
1577888771|627|1.700
1577888772|626|1.800
1577888773|627|1.700
1577888774|627|1.700
1577888775|627|1.700
1577888776|627|1.800
1577888777|628|1.800
1577888778|628|1.700
1577888779|628|1.700
1577888780|629|1.800
1577888781|629|1.700
1577888782|628|1.800
1577888783|627|1.800
1577888784|628|1.700
1577888785|628|1.600
1577888786|628|1.700
1577888787|627|1.800
1577888788|628|1.900
1577888789|629|1.900
1577888790|630|2.000
1577888791|630|2.000
1577888792|630|2.100
1577888793|631|2.200
1577888794|632|2.200
1577888795|631|2.300
1577888796|632|2.300
1577888797|632|2.300
1577888798|631|2.300
1577888799|632|2.400
1577888800|633|2.300
1577888801|634|2.200
1577888802|634|2.300
1577888803|635|2.400
1577888804|634|2.300
1577888805|635|2.300
1577888806|634|2.200
1577888807|633|2.200
1577888808|634|2.300
1577888809|633|2.400
1577888810|633|2.500
1577888811|634|2.600
1577888812|633|2.700
1577888813|633|2.800
1577888814|632|2.800
1577888815|633|2.900
1577888816|633|2.800
1577888817|633|2.800
1577888818|633|2.900
1577888819|634|3.000
1577888820|633|3.100
1577888821|632|3.100
1577888822|632|3.200
1577888823|632|3.200
1577888824|631|3.200
1577888825|631|3.200
1577888826|630|3.100
1577888827|630|3.200
1577888828|631|3.200
1577888829|632|3.200
1577888830|632|3.100
1577888831|632|3.100
1577888832|632|3.000
1577888833|633|3.100
1577888834|632|3.200
1577888835|633|3.200
1577888836|634|3.200
1577888837|633|3.200
1577888838|632|3.300
1577888839|633|3.400
1577888840|633|3.400
1577888841|632|3.300
1577888842|631|3.200
1577888843|630|3.100
1577888844|630|3.000
1577888845|629|2.900
1577888846|630|3.000
1577888847|630|3.000
1577888848|630|3.100
1577888849|631|3.200
1577888850|631|3.300
1577888851|632|3.200
1577888852|631|3.300
1577888853|631|3.400
1577888854|630|3.400
1577888855|631|3.400
1577888856|632|3.500
1577888857|632|3.600
1577888858|632|3.700
1577888859|632|3.800
1577888860|633|3.800
1577888861|632|3.800
1577888862|633|3.700
1577888863|634|3.800
1577888864|635|3.800
1577888865|634|3.900
1577888866|633|3.800
1577888867|632|3.900
1577888868|632|3.800
1577888869|631|3.900
1577888870|630|3.900
1577888871|631|3.900
1577888872|630|4.000
1577888873|629|3.900
1577888874|629|3.900
1577888875|629|3.900
1577888876|629|3.800
1577888877|628|3.900
1577888878|629|3.800
1577888879|629|3.900
1577888880|628|3.900
1577888881|627|3.800
1577888882|628|3.700
1577888883|628|3.600
1577888884|627|3.600
1577888885|628|3.600
1577888886|629|3.700
1577888887|630|3.700
1577888888|629|3.800
1577888889|629|3.800
1577888890|629|3.700
1577888891|630|3.700
1577888892|629|3.700
1577888893|628|3.700
1577888894|628|3.800
1577888895|628|3.800
1577888896|629|3.800
1577888897|630|3.800
1577888898|631|3.800
1577888899|631|3.900
1577888900|631|3.800
1577888901|631|3.700
1577888902|630|3.600
1577888903|630|3.500
1577888904|631|3.400
1577888905|630|3.500
1577888906|631|3.500
1577888907|632|3.400
1577888908|633|3.300
1577888909|633|3.200
1577888910|633|3.100
1577888911|633|3.200
1577888912|632|3.300
1577888913|631|3.400
1577888914|631|3.400
1577888915|630|3.400
1577888916|630|3.500
1577888917|630|3.600
1577888918|630|3.700
1577888919|630|3.700
1577888920|631|3.800
1577888921|631|3.800
1577888922|631|3.800
1577888923|632|3.900
1577888924|631|4.000
1577888925|630|4.000
1577888926|629|3.900
1577888927|629|4.000
1577888928|628|4.000
1577888929|628|4.000
1577888930|628|4.100
1577888931|629|4.200
1577888932|628|4.100
1577888933|628|4.100
1577888934|628|4.100
1577888935|629|4.200
1577888936|629|4.300
1577888937|628|4.400
1577888938|629|4.500
1577888939|629|4.500
1577888940|629|4.400
1577888941|628|4.500
1577888942|628|4.500
1577888943|627|4.500
1577888944|626|4.500
1577888945|626|4.400
1577888946|625|4.300
1577888947|626|4.200
1577888948|625|4.300
1577888949|625|4.300
1577888950|624|4.400
1577888951|623|4.400
1577888952|622|4.400
1577888953|622|4.500
1577888954|622|4.500
1577888955|622|4.500
1577888956|621|4.500
1577888957|622|4.400
1577888958|622|4.500
1577888959|622|4.400
1577888960|623|4.300
1577888961|622|4.300
1577888962|623|4.200
1577888963|623|4.100
1577888964|623|4.200
1577888965|622|4.100
1577888966|622|4.000
1577888967|621|3.900
1577888968|621|3.900
1577888969|622|3.800
1577888970|621|3.700
1577888971|620|3.800
1577888972|619|3.800
1577888973|620|3.700
1577888974|621|3.700
1577888975|621|3.800
1577888976|621|3.800
1577888977|621|3.800
1577888978|621|3.900
1577888979|622|3.800
1577888980|621|3.800
1577888981|621|3.700
1577888982|620|3.800
1577888983|619|3.900
1577888984|620|3.900
1577888985|619|3.900
1577888986|619|4.000
1577888987|618|3.900
1577888988|617|3.900
1577888989|616|3.900
1577888990|616|3.800
1577888991|615|3.800
1577888992|616|3.700
1577888993|617|3.600
1577888994|617|3.600
1577888995|617|3.600
1577888996|618|3.500
1577888997|617|3.400
1577888998|618|3.500
1577888999|618|3.400
1577889000|619|3.300
1577889001|620|3.300
1577889002|621|3.400
1577889003|621|3.300
1577889004|620|3.200
1577889005|620|3.200
1577889006|620|3.100
1577889007|621|3.000
1577889008|620|3.100
1577889009|620|3.200
1577889010|620|3.200
1577889011|620|3.300
1577889012|620|3.300
1577889013|620|3.400
1577889014|620|3.400
1577889015|620|3.400
1577889016|619|3.500
1577889017|619|3.400
1577889018|619|3.500
1577889019|618|3.500
1577889020|619|3.600
1577889021|620|3.600
1577889022|621|3.500
1577889023|622|3.400
1577889024|621|3.300
1577889025|622|3.200
1577889026|623|3.100
1577889027|622|3.200
1577889028|623|3.200
1577889029|622|3.100
1577889030|623|3.000
1577889031|622|2.900
1577889032|621|3.000
1577889033|621|2.900
1577889034|621|2.800
1577889035|622|2.900
1577889036|621|2.800
1577889037|622|2.900
1577889038|621|2.900
1577889039|621|2.900
1577889040|622|2.900
1577889041|623|2.900
1577889042|622|2.800
1577889043|621|2.800
1577889044|622|2.800
1577889045|621|2.900
1577889046|620|3.000
1577889047|620|2.900
1577889048|619|3.000
1577889049|618|3.000
1577889050|618|3.000
1577889051|619|2.900
1577889052|620|2.900
1577889053|621|2.900
1577889054|621|3.000
1577889055|622|2.900
1577889056|621|2.900
1577889057|620|2.800
1577889058|620|2.900
1577889059|619|3.000
1577889060|619|2.900
1577889061|619|3.000
1577889062|619|3.100
1577889063|618|3.100
1577889064|618|3.100
1577889065|618|3.000
1577889066|617|3.100
1577889067|616|3.200
1577889068|616|3.100
1577889069|617|3.000
1577889070|618|3.100
1577889071|617|3.100
1577889072|618|3.000
1577889073|619|2.900
1577889074|620|3.000
1577889075|621|3.100
1577889076|622|3.100
1577889077|621|3.100
1577889078|622|3.000
1577889079|621|2.900
1577889080|620|2.800
1577889081|619|2.800
1577889082|619|2.700
1577889083|618|2.600
1577889084|619|2.600
1577889085|619|2.500
1577889086|619|2.500
1577889087|619|2.500
1577889088|618|2.400
1577889089|617|2.500
1577889090|616|2.600
1577889091|616|2.700
1577889092|615|2.800
1577889093|616|2.700
1577889094|615|2.800
1577889095|614|2.700
1577889096|615|2.600
1577889097|614|2.700
1577889098|613|2.700
1577889099|612|2.600
1577889100|611|2.500
1577889101|611|2.500
1577889102|612|2.600
1577889103|613|2.700
1577889104|614|2.600
1577889105|613|2.700
1577889106|613|2.700
1577889107|614|2.800
1577889108|614|2.900
1577889109|615|3.000
1577889110|616|3.100
1577889111|617|3.100
1577889112|616|3.200
1577889113|616|3.100
1577889114|617|3.200
1577889115|618|3.100
1577889116|617|3.200
1577889117|618|3.300
1577889118|618|3.400
1577889119|618|3.500
1577889120|617|3.500
1577889121|617|3.600
1577889122|618|3.600
1577889123|619|3.600
1577889124|618|3.700
1577889125|617|3.800
1577889126|618|3.900
1577889127|618|3.900
1577889128|618|4.000
1577889129|618|4.000
1577889130|618|4.000
1577889131|617|3.900
1577889132|616|3.900
1577889133|616|3.800
1577889134|617|3.800
1577889135|616|3.900
1577889136|617|3.800
1577889137|617|3.800
1577889138|617|3.700
1577889139|616|3.600
1577889140|616|3.500
1577889141|617|3.400
1577889142|618|3.400
1577889143|617|3.500
1577889144|618|3.400
1577889145|619|3.500
1577889146|618|3.500
1577889147|618|3.400
1577889148|618|3.400
1577889149|617|3.400
1577889150|616|3.400
1577889151|615|3.500
1577889152|614|3.400
1577889153|615|3.500
1577889154|614|3.500
1577889155|615|3.400
1577889156|616|3.300
1577889157|615|3.400
1577889158|616|3.300
1577889159|615|3.300
1577889160|615|3.300
1577889161|615|3.300
1577889162|616|3.300
1577889163|617|3.200
1577889164|618|3.300
1577889165|617|3.300
1577889166|617|3.400
1577889167|616|3.500
1577889168|617|3.600
1577889169|616|3.600
1577889170|616|3.600
1577889171|616|3.500
1577889172|615|3.400
1577889173|614|3.300
1577889174|613|3.300
1577889175|612|3.400
1577889176|613|3.500
1577889177|613|3.600
1577889178|612|3.500
1577889179|612|3.600
1577889180|612|3.700
1577889181|613|3.600
1577889182|612|3.600
1577889183|612|3.500
1577889184|612|3.400
1577889185|613|3.400
1577889186|612|3.500
1577889187|612|3.500
1577889188|613|3.600
1577889189|612|3.700
1577889190|613|3.600
1577889191|614|3.600
1577889192|615|3.700
1577889193|614|3.600
1577889194|614|3.500
1577889195|613|3.600
1577889196|612|3.700
1577889197|613|3.800
1577889198|613|3.800
1577889199|613|3.700
1577889200|613|3.600
1577889201|614|3.500
1577889202|614|3.500
1577889203|615|3.500
1577889204|616|3.600
1577889205|616|3.700
1577889206|615|3.800
1577889207|614|3.800
1577889208|613|3.700
1577889209|612|3.800
1577889210|611|3.800
1577889211|610|3.900
1577889212|611|3.900
1577889213|610|3.800
1577889214|609|3.700
1577889215|608|3.800
1577889216|609|3.700
1577889217|610|3.800
1577889218|611|3.700
1577889219|610|3.800
1577889220|609|3.700
1577889221|609|3.600
1577889222|609|3.700
1577889223|609|3.600
1577889224|609|3.700
1577889225|610|3.800
1577889226|609|3.800
1577889227|610|3.800
1577889228|609|3.900
1577889229|610|3.900
1577889230|611|3.800
1577889231|611|3.900
1577889232|612|3.900
1577889233|611|3.800
1577889234|612|3.900
1577889235|612|3.800
1577889236|612|3.900
1577889237|613|3.900
1577889238|613|3.900
1577889239|614|3.900
1577889240|614|4.000
1577889241|615|3.900
1577889242|616|3.800
1577889243|617|3.800
1577889244|618|3.800
1577889245|619|3.900
1577889246|619|3.800
1577889247|618|3.900
1577889248|619|3.800
1577889249|619|3.700
1577889250|618|3.700
1577889251|617|3.600
1577889252|617|3.700
1577889253|617|3.800
1577889254|617|3.800
1577889255|617|3.700
1577889256|617|3.600
1577889257|617|3.600
1577889258|616|3.500
1577889259|616|3.500
1577889260|616|3.400
1577889261|617|3.500
1577889262|618|3.500
1577889263|618|3.500
1577889264|619|3.400
1577889265|620|3.300
1577889266|619|3.400
1577889267|620|3.400
1577889268|619|3.400
1577889269|619|3.400
1577889270|618|3.400
1577889271|619|3.500
1577889272|619|3.500
1577889273|618|3.500
1577889274|619|3.600
1577889275|618|3.500
1577889276|617|3.600
1577889277|618|3.500
1577889278|617|3.400
1577889279|616|3.400
1577889280|617|3.300
1577889281|618|3.300
1577889282|617|3.200
1577889283|616|3.300
1577889284|617|3.200
1577889285|617|3.100
1577889286|616|3.100
1577889287|615|3.100
1577889288|616|3.000
1577889289|617|3.000
1577889290|616|3.100
1577889291|615|3.200
1577889292|614|3.100
1577889293|614|3.000
1577889294|615|2.900
1577889295|616|2.900
1577889296|615|2.800
1577889297|615|2.800
1577889298|616|2.900
1577889299|615|3.000
1577889300|614|2.900
1577889301|615|2.800
1577889302|616|2.900
1577889303|616|3.000
1577889304|615|2.900
1577889305|615|2.900
1577889306|615|2.800
1577889307|616|2.700
1577889308|617|2.600
1577889309|617|2.500
1577889310|618|2.500
1577889311|618|2.600
1577889312|619|2.600
1577889313|620|2.600
1577889314|620|2.500
1577889315|620|2.500
1577889316|619|2.600
1577889317|618|2.600
1577889318|617|2.500
1577889319|616|2.600
1577889320|617|2.600
1577889321|618|2.700
1577889322|618|2.800
1577889323|618|2.800
1577889324|618|2.700
1577889325|619|2.700
1577889326|620|2.800
1577889327|619|2.700
1577889328|618|2.800
1577889329|617|2.900
1577889330|616|3.000
1577889331|615|2.900
1577889332|616|3.000
1577889333|617|2.900
1577889334|616|2.900
1577889335|616|2.800
1577889336|617|2.900
1577889337|617|2.900
1577889338|617|2.800
1577889339|618|2.700
1577889340|618|2.800
1577889341|619|2.800
1577889342|618|2.800
1577889343|617|2.800
1577889344|616|2.700
1577889345|617|2.700
1577889346|616|2.800
1577889347|615|2.800
1577889348|615|2.700
1577889349|615|2.600
1577889350|616|2.600
1577889351|616|2.600
1577889352|616|2.500
1577889353|615|2.600
1577889354|615|2.600
1577889355|615|2.600
1577889356|615|2.700
1577889357|615|2.600
1577889358|614|2.700
1577889359|614|2.600
1577889360|614|2.600
1577889361|613|2.700
1577889362|612|2.800
1577889363|613|2.700
1577889364|614|2.800
1577889365|614|2.800
1577889366|613|2.800
1577889367|612|2.700
1577889368|613|2.800
1577889369|614|2.700
1577889370|614|2.700
1577889371|613|2.700
1577889372|612|2.600
1577889373|612|2.600
1577889374|611|2.600
1577889375|611|2.700
1577889376|612|2.800
1577889377|612|2.900
1577889378|612|2.900
1577889379|613|3.000
1577889380|613|2.900
1577889381|612|2.800
1577889382|613|2.700
1577889383|612|2.600
1577889384|611|2.500
1577889385|612|2.400
1577889386|611|2.500
1577889387|610|2.500
1577889388|611|2.600
1577889389|611|2.500
1577889390|612|2.600
1577889391|612|2.700
1577889392|613|2.800
1577889393|613|2.800
1577889394|613|2.900
1577889395|612|3.000
1577889396|613|2.900
1577889397|613|2.800
1577889398|613|2.700
1577889399|614|2.700
1577889400|614|2.700
1577889401|613|2.800
1577889402|612|2.700
1577889403|612|2.700
1577889404|613|2.800
1577889405|614|2.700
1577889406|613|2.800
1577889407|613|2.800
1577889408|613|2.900
1577889409|613|3.000
1577889410|613|2.900
1577889411|613|2.900
1577889412|613|2.900
1577889413|613|2.800
1577889414|613|2.800
1577889415|613|2.700
1577889416|612|2.800
1577889417|613|2.700
1577889418|613|2.700
1577889419|613|2.700
1577889420|614|2.700
1577889421|614|2.800
1577889422|615|2.900
1577889423|615|2.900
1577889424|615|2.900
1577889425|615|2.800
1577889426|615|2.800
1577889427|614|2.800
1577889428|613|2.700
1577889429|613|2.600
1577889430|614|2.600
1577889431|615|2.500
1577889432|614|2.500
1577889433|614|2.400
1577889434|615|2.400
1577889435|615|2.300
1577889436|614|2.200
1577889437|614|2.100
1577889438|615|2.200
1577889439|616|2.200
1577889440|616|2.100
1577889441|615|2.100
1577889442|616|2.200
1577889443|616|2.100
1577889444|617|2.100
1577889445|616|2.100
1577889446|617|2.200
1577889447|616|2.200
1577889448|615|2.100
1577889449|616|2.100
1577889450|615|2.000
1577889451|616|2.100
1577889452|617|2.100
1577889453|618|2.100
1577889454|618|2.200
1577889455|617|2.100
1577889456|617|2.000
1577889457|616|1.900
1577889458|617|1.800
1577889459|617|1.900
1577889460|616|2.000
1577889461|617|2.000
1577889462|618|1.900
1577889463|619|2.000
1577889464|619|2.000
1577889465|620|2.100
1577889466|621|2.000
1577889467|621|2.000
1577889468|620|2.000
1577889469|620|1.900
1577889470|620|1.800
1577889471|621|1.900
1577889472|622|2.000
1577889473|622|1.900
1577889474|621|1.800
1577889475|622|1.900
1577889476|621|1.800
1577889477|621|1.900
1577889478|622|2.000
1577889479|623|1.900
1577889480|622|1.800
1577889481|621|1.900
1577889482|621|2.000
1577889483|620|2.000
1577889484|621|1.900
1577889485|621|1.800
1577889486|622|1.700
1577889487|623|1.800
1577889488|622|1.700
1577889489|623|1.600
1577889490|622|1.500
1577889491|622|1.400
1577889492|621|1.300
1577889493|622|1.400
1577889494|622|1.500
1577889495|622|1.500
1577889496|621|1.600
1577889497|621|1.500
1577889498|622|1.600
1577889499|622|1.700
1577889500|621|1.700
1577889501|620|1.800
1577889502|621|1.900
1577889503|622|1.900
1577889504|622|1.800
1577889505|621|1.800
1577889506|621|1.700
1577889507|621|1.800
1577889508|620|1.700
1577889509|619|1.600
1577889510|618|1.600
1577889511|617|1.700
1577889512|617|1.700
1577889513|617|1.600
1577889514|617|1.500
1577889515|618|1.400
1577889516|617|1.400
1577889517|617|1.500
1577889518|616|1.400
1577889519|616|1.500
1577889520|615|1.500
1577889521|614|1.500
1577889522|613|1.400
1577889523|613|1.300
1577889524|613|1.200
1577889525|612|1.100
1577889526|613|1.000
1577889527|613|1.000
1577889528|612|1.100
1577889529|611|1.000
1577889530|611|0.900
1577889531|612|0.800
1577889532|612|0.800
1577889533|612|0.700
1577889534|612|0.700
1577889535|612|0.800
1577889536|611|0.900
1577889537|610|1.000
1577889538|609|0.900
1577889539|608|0.800
1577889540|609|0.700
1577889541|609|0.800
1577889542|609|0.700
1577889543|608|0.800
1577889544|607|0.800
1577889545|607|0.700
1577889546|608|0.700
1577889547|609|0.800
1577889548|609|0.900
1577889549|610|0.900
1577889550|610|1.000
1577889551|609|1.000
1577889552|610|1.100
1577889553|609|1.000
1577889554|609|0.900
1577889555|608|0.800
1577889556|607|0.800
1577889557|608|0.800
1577889558|608|0.700
1577889559|609|0.700
1577889560|609|0.800
1577889561|609|0.700
1577889562|610|0.700
1577889563|609|0.700
1577889564|610|0.700
1577889565|609|0.700
1577889566|608|0.600
1577889567|607|0.700
1577889568|608|0.600
1577889569|608|0.700
1577889570|608|0.700
1577889571|609|0.700
1577889572|608|0.600
1577889573|609|0.500
1577889574|609|0.500
1577889575|610|0.600
1577889576|610|0.700
1577889577|610|0.600
1577889578|610|0.500
1577889579|609|0.400
1577889580|608|0.500
1577889581|608|0.600
1577889582|608|0.700
1577889583|609|0.800
1577889584|608|0.900
1577889585|608|0.800
1577889586|609|0.800
1577889587|610|0.700
1577889588|610|0.700
1577889589|609|0.700
1577889590|610|0.700
1577889591|610|0.700
1577889592|611|0.600
1577889593|610|0.700
1577889594|611|0.800
1577889595|612|0.900
1577889596|611|0.800
1577889597|612|0.900
1577889598|611|0.800
1577889599|611|0.700
1577889600|612|0.700
1577889601|612|0.600
1577889602|613|0.500
1577889603|614|0.500
1577889604|614|0.400
1577889605|613|0.400
1577889606|612|0.400
1577889607|612|0.500
1577889608|611|0.600
1577889609|611|0.700
1577889610|612|0.700
1577889611|612|0.600
1577889612|612|0.700
1577889613|612|0.600
1577889614|613|0.700
1577889615|612|0.700
1577889616|613|0.700
1577889617|614|0.800
1577889618|614|0.800
1577889619|614|0.700
1577889620|613|0.800
1577889621|613|0.900
1577889622|612|0.900
1577889623|612|1.000
1577889624|612|0.900
1577889625|611|0.800
1577889626|611|0.700
1577889627|610|0.700
1577889628|611|0.800
1577889629|612|0.800
1577889630|613|0.900
1577889631|612|0.900
1577889632|613|1.000
1577889633|612|0.900
1577889634|613|1.000
1577889635|614|0.900
1577889636|615|0.900
1577889637|614|0.900
1577889638|614|0.900
1577889639|614|0.800
1577889640|613|0.900
1577889641|613|1.000
1577889642|614|0.900
1577889643|614|0.800
1577889644|614|0.700
1577889645|613|0.600
1577889646|612|0.600
1577889647|611|0.700
1577889648|610|0.600
1577889649|609|0.600
1577889650|608|0.700
1577889651|609|0.800
1577889652|609|0.900
1577889653|608|0.900
1577889654|609|0.900
1577889655|610|0.900
1577889656|611|1.000
1577889657|610|0.900
1577889658|610|0.900
1577889659|609|0.900
1577889660|610|1.000
1577889661|609|0.900
1577889662|610|1.000
1577889663|611|1.000
1577889664|612|1.000
1577889665|612|1.100
1577889666|612|1.100
1577889667|612|1.000
1577889668|611|1.100
1577889669|611|1.100
1577889670|610|1.000
1577889671|611|1.000
1577889672|612|0.900
1577889673|612|0.800
1577889674|611|0.700
1577889675|611|0.700
1577889676|610|0.700
1577889677|610|0.700
1577889678|609|0.800
1577889679|608|0.800
1577889680|609|0.800
1577889681|609|0.900
1577889682|610|0.800
1577889683|609|0.700
1577889684|608|0.600
1577889685|608|0.500
1577889686|609|0.600
1577889687|608|0.600
1577889688|608|0.700
1577889689|608|0.800
1577889690|608|0.900
1577889691|608|0.800
1577889692|607|0.700
1577889693|606|0.800
1577889694|605|0.800
1577889695|606|0.700
1577889696|606|0.600
1577889697|605|0.600
1577889698|606|0.500
1577889699|605|0.600
1577889700|605|0.700
1577889701|604|0.800
1577889702|604|0.700
1577889703|603|0.800
1577889704|603|0.700
1577889705|603|0.700
1577889706|604|0.600
1577889707|605|0.500
1577889708|606|0.600
1577889709|607|0.500
1577889710|608|0.600
1577889711|607|0.500
1577889712|606|0.500
1577889713|605|0.400
1577889714|606|0.400
1577889715|606|0.500
1577889716|607|0.400
1577889717|608|0.500
1577889718|608|0.500
1577889719|608|0.500
1577889720|607|0.400
1577889721|606|0.400
1577889722|607|0.300
1577889723|607|0.400
1577889724|608|0.300
1577889725|609|0.200
1577889726|610|0.200
1577889727|610|0.200
1577889728|609|0.200
1577889729|608|0.200
1577889730|608|0.200
1577889731|608|0.300
1577889732|608|0.400
1577889733|607|0.400
1577889734|607|0.500
1577889735|607|0.500
1577889736|607|0.400
1577889737|608|0.300
1577889738|608|0.400
1577889739|607|0.400
1577889740|607|0.500
1577889741|606|0.600
1577889742|605|0.600
1577889743|606|0.700
1577889744|605|0.600
1577889745|606|0.500
1577889746|605|0.400
1577889747|604|0.400
1577889748|603|0.300
1577889749|602|0.400
1577889750|601|0.500
1577889751|602|0.500
1577889752|602|0.400
1577889753|603|0.400
1577889754|602|0.400
1577889755|601|0.300
1577889756|602|0.400
1577889757|603|0.400
1577889758|603|0.300
1577889759|603|0.400
1577889760|603|0.500
1577889761|602|0.400
1577889762|603|0.400
1577889763|602|0.300
1577889764|602|0.200
1577889765|601|0.100
1577889766|601|0.200
1577889767|602|0.300
1577889768|602|0.400
1577889769|601|0.500
1577889770|601|0.600
1577889771|602|0.600
1577889772|601|0.700
1577889773|601|0.700
1577889774|602|0.700
1577889775|603|0.800
1577889776|602|0.800
1577889777|601|0.900
1577889778|600|0.900
1577889779|600|0.800
1577889780|599|0.700
1577889781|599|0.600
1577889782|600|0.500
1577889783|601|0.400
1577889784|602|0.400
1577889785|602|0.300
1577889786|602|0.400
1577889787|602|0.400
1577889788|602|0.400
1577889789|601|0.300
1577889790|602|0.400
1577889791|602|0.300
1577889792|601|0.400
1577889793|601|0.400
1577889794|601|0.500
1577889795|601|0.400
1577889796|602|0.300
1577889797|603|0.200
1577889798|604|0.300
1577889799|604|0.200
1577889800|605|0.200
1577889801|604|0.100
1577889802|603|0.000
1577889803|603|0.000
1577889804|604|0.000
1577889805|605|0.000
1577889806|605|0.000
1577889807|605|0.000
1577889808|604|0.000
1577889809|604|0.100
1577889810|605|0.000
1577889811|606|0.000
1577889812|605|0.100
1577889813|604|0.000
1577889814|605|0.000
1577889815|606|0.000
1577889816|607|0.000
1577889817|607|0.000
1577889818|606|0.000
1577889819|605|0.000
1577889820|606|0.000
1577889821|605|0.100
1577889822|605|0.000
1577889823|605|0.000
1577889824|605|0.000
1577889825|606|0.000
1577889826|607|0.000
1577889827|606|0.000
1577889828|605|0.000
1577889829|605|0.000
1577889830|606|0.000
1577889831|605|0.000
1577889832|605|0.000
1577889833|606|0.000
1577889834|605|0.000
1577889835|606|0.000
1577889836|605|0.000
1577889837|604|0.000
1577889838|603|0.000
1577889839|604|0.000
1577889840|605|0.000
1577889841|606|0.000
1577889842|605|0.000
1577889843|605|0.000
1577889844|605|0.000
1577889845|604|0.000
1577889846|604|0.000
1577889847|605|0.000
1577889848|604|0.000
1577889849|604|0.000
1577889850|603|0.000
1577889851|604|0.000
1577889852|604|0.000
1577889853|603|0.000
1577889854|602|0.000
1577889855|603|0.000
1577889856|602|0.000
1577889857|601|0.000
1577889858|601|0.000
1577889859|601|0.000
1577889860|602|0.000
1577889861|603|0.000
1577889862|603|0.000
1577889863|602|0.000
1577889864|603|0.000
1577889865|604|0.000
1577889866|604|0.000
1577889867|605|0.000
1577889868|604|0.000
1577889869|603|0.000
1577889870|602|0.000
1577889871|601|0.000
1577889872|600|0.000
1577889873|601|0.000
1577889874|602|0.000
1577889875|602|0.000
1577889876|603|0.000
1577889877|604|0.000
1577889878|605|0.000
1577889879|605|0.000
1577889880|604|0.100
1577889881|604|0.100
1577889882|605|0.000
1577889883|605|0.100
1577889884|606|0.000
1577889885|605|0.100
1577889886|605|0.000
1577889887|606|0.000
1577889888|607|0.000
1577889889|608|0.000
1577889890|608|0.100
1577889891|607|0.100
1577889892|606|0.200
1577889893|605|0.100
1577889894|605|0.100
1577889895|605|0.000
1577889896|606|0.100
1577889897|606|0.000
1577889898|605|0.000
1577889899|605|0.000
1577889900|606|0.000
1577889901|607|0.000
1577889902|607|0.000
1577889903|608|0.000
1577889904|609|0.000
1577889905|608|0.000
1577889906|607|0.000
1577889907|607|0.000
1577889908|606|0.000
1577889909|607|0.000
1577889910|608|0.000
1577889911|608|0.000
1577889912|607|0.000
1577889913|607|0.000
1577889914|607|0.000
1577889915|606|0.000
1577889916|605|0.000
1577889917|606|0.000
1577889918|605|0.000
1577889919|606|0.000
1577889920|605|0.000
1577889921|605|0.000
1577889922|604|0.000
1577889923|604|0.000
1577889924|604|0.000
1577889925|604|0.000
1577889926|605|0.000
1577889927|604|0.000
1577889928|603|0.000
1577889929|603|0.000
1577889930|602|0.000
1577889931|603|0.100
1577889932|603|0.000
1577889933|602|0.000
1577889934|601|0.000
1577889935|602|0.000
1577889936|602|0.000
1577889937|601|0.000
1577889938|601|0.000
1577889939|602|0.000
1577889940|602|0.000
1577889941|603|0.000
1577889942|604|0.000
1577889943|604|0.000
1577889944|605|0.000
1577889945|606|0.000
1577889946|607|0.000
1577889947|606|0.000
1577889948|605|0.000
1577889949|605|0.000
1577889950|604|0.000
1577889951|604|0.000
1577889952|603|0.000
1577889953|603|0.000
1577889954|603|0.000
1577889955|603|0.000
1577889956|602|0.000
1577889957|602|0.000
1577889958|602|0.000
1577889959|601|0.000
1577889960|602|0.000
1577889961|603|0.000
1577889962|604|0.000
1577889963|604|0.000
1577889964|604|0.000
1577889965|605|0.000
1577889966|604|0.000
1577889967|604|0.000
1577889968|605|0.000
1577889969|604|0.000
1577889970|605|0.000
1577889971|605|0.000
1577889972|606|0.000
1577889973|607|0.100
1577889974|607|0.100
1577889975|608|0.200
1577889976|607|0.200
1577889977|607|0.200
1577889978|607|0.300
1577889979|606|0.200
1577889980|606|0.200
1577889981|606|0.200
1577889982|607|0.300
1577889983|608|0.200
1577889984|608|0.300
1577889985|608|0.400
1577889986|607|0.300
1577889987|607|0.200
1577889988|606|0.300
1577889989|606|0.300
1577889990|606|0.200
1577889991|606|0.300
1577889992|606|0.300
1577889993|605|0.400
1577889994|605|0.300
1577889995|606|0.300
1577889996|607|0.400
1577889997|606|0.500
1577889998|607|0.600
1577889999|607|0.600
1577890000|607|0.600
1577890001|608|0.500
1577890002|607|0.500
1577890003|607|0.600
1577890004|606|0.500
1577890005|606|0.500
1577890006|605|0.500
1577890007|605|0.600
1577890008|605|0.500
1577890009|604|0.400
1577890010|603|0.400
1577890011|604|0.400
1577890012|604|0.300
1577890013|604|0.200
1577890014|604|0.300
1577890015|604|0.300
1577890016|605|0.200
1577890017|605|0.100
1577890018|604|0.000
1577890019|605|0.100
1577890020|604|0.200
1577890021|605|0.200
1577890022|606|0.200
1577890023|607|0.300
1577890024|606|0.400
1577890025|607|0.400
1577890026|608|0.300
1577890027|609|0.300
1577890028|610|0.300
1577890029|610|0.300
1577890030|609|0.300
1577890031|608|0.300
1577890032|609|0.300
1577890033|608|0.200
1577890034|609|0.200
1577890035|608|0.300
1577890036|609|0.300
1577890037|608|0.400
1577890038|608|0.300
1577890039|609|0.300
1577890040|608|0.200
1577890041|608|0.200
1577890042|607|0.300
1577890043|607|0.300
1577890044|608|0.300
1577890045|607|0.200
1577890046|608|0.300
1577890047|607|0.400
1577890048|606|0.500
1577890049|605|0.600
1577890050|605|0.600
1577890051|605|0.600
1577890052|604|0.500
1577890053|604|0.400
1577890054|604|0.400
1577890055|605|0.300
1577890056|605|0.400
1577890057|606|0.400
1577890058|605|0.400
1577890059|604|0.400
1577890060|605|0.400
1577890061|605|0.400
1577890062|605|0.300
1577890063|604|0.400
1577890064|603|0.300
1577890065|604|0.200
1577890066|603|0.300
1577890067|604|0.200
1577890068|604|0.300
1577890069|604|0.200
1577890070|605|0.300
1577890071|604|0.400
1577890072|605|0.400
1577890073|604|0.300
1577890074|605|0.400
1577890075|606|0.500
1577890076|606|0.400
1577890077|607|0.300
1577890078|606|0.200
1577890079|607|0.300
1577890080|608|0.200
1577890081|608|0.200
1577890082|608|0.200
1577890083|609|0.200
1577890084|609|0.300
1577890085|608|0.300
1577890086|608|0.300
1577890087|607|0.300
1577890088|607|0.300
1577890089|607|0.300
1577890090|608|0.400
1577890091|608|0.500
1577890092|608|0.500
1577890093|609|0.600
1577890094|610|0.700
1577890095|611|0.600
1577890096|612|0.600
1577890097|611|0.500
1577890098|610|0.600
1577890099|611|0.600
1577890100|611|0.500
1577890101|612|0.500
1577890102|612|0.400
1577890103|612|0.300
1577890104|612|0.200
1577890105|612|0.100
1577890106|611|0.100
1577890107|612|0.200
1577890108|612|0.200
1577890109|611|0.100
1577890110|611|0.100
1577890111|610|0.100
1577890112|611|0.100
1577890113|610|0.000
1577890114|609|0.100
1577890115|609|0.000
1577890116|610|0.000
1577890117|610|0.100
1577890118|610|0.200
1577890119|611|0.300
1577890120|612|0.400
1577890121|611|0.400
1577890122|612|0.400
1577890123|613|0.400
1577890124|613|0.400
1577890125|613|0.500
1577890126|613|0.400
1577890127|613|0.500
1577890128|612|0.600
1577890129|613|0.600
1577890130|613|0.600
1577890131|614|0.500
1577890132|613|0.500
1577890133|614|0.600
1577890134|613|0.500
1577890135|614|0.500
1577890136|613|0.400
1577890137|613|0.400
1577890138|612|0.300
1577890139|611|0.200
1577890140|612|0.300
1577890141|612|0.400
1577890142|611|0.500
1577890143|611|0.600
1577890144|610|0.500
1577890145|610|0.500
1577890146|611|0.400
1577890147|612|0.400
1577890148|612|0.300
1577890149|611|0.200
1577890150|611|0.100
1577890151|610|0.100
1577890152|610|0.000
1577890153|610|0.000
1577890154|609|0.000
1577890155|609|0.000
1577890156|609|0.000
1577890157|609|0.100
1577890158|608|0.100
1577890159|607|0.100
1577890160|608|0.000
1577890161|609|0.000
1577890162|609|0.000
1577890163|609|0.000
1577890164|609|0.000
1577890165|608|0.000
1577890166|609|0.000
1577890167|610|0.000
1577890168|609|0.100
1577890169|609|0.100
1577890170|609|0.000
1577890171|608|0.000
1577890172|608|0.000
1577890173|607|0.000
1577890174|606|0.100
1577890175|607|0.100
1577890176|606|0.000
1577890177|606|0.000
1577890178|606|0.000
1577890179|607|0.000
1577890180|608|0.100
1577890181|607|0.200
1577890182|608|0.100
1577890183|607|0.000
1577890184|608|0.100
1577890185|609|0.100
1577890186|610|0.200
1577890187|610|0.200
1577890188|609|0.200
1577890189|610|0.100
1577890190|611|0.000
1577890191|611|0.000
1577890192|612|0.000
1577890193|612|0.000
1577890194|613|0.000
1577890195|612|0.000
1577890196|613|0.000
1577890197|614|0.000
1577890198|613|0.000
1577890199|614|0.000
1577890200|615|0.000
1577890201|616|0.000
1577890202|616|0.000
1577890203|617|0.000
1577890204|617|0.000
1577890205|617|0.000
1577890206|618|0.000
1577890207|617|0.000
1577890208|617|0.000
1577890209|618|0.000
1577890210|618|0.000
1577890211|618|0.000
1577890212|619|0.000
1577890213|619|0.100
1577890214|619|0.100
1577890215|619|0.100
1577890216|619|0.000
1577890217|620|0.000
1577890218|620|0.000
1577890219|620|0.000
1577890220|621|0.000
1577890221|620|0.000
1577890222|619|0.000
1577890223|618|0.000
1577890224|618|0.000
1577890225|618|0.000
1577890226|619|0.000
1577890227|620|0.000
1577890228|621|0.000
1577890229|622|0.000
1577890230|622|0.000
1577890231|622|0.000
1577890232|621|0.000
1577890233|620|0.000
1577890234|619|0.000
1577890235|618|0.000
1577890236|617|0.000
1577890237|618|0.000
1577890238|617|0.000
1577890239|616|0.000
1577890240|617|0.000
1577890241|618|0.000
1577890242|617|0.000
1577890243|617|0.000
1577890244|616|0.000
1577890245|617|0.000
1577890246|616|0.000
1577890247|615|0.000
1577890248|614|0.000
1577890249|615|0.000
1577890250|615|0.000
1577890251|616|0.000
1577890252|617|0.000
1577890253|617|0.000
1577890254|616|0.000
1577890255|615|0.000
1577890256|615|0.000
1577890257|616|0.000
1577890258|616|0.000
1577890259|616|0.100
1577890260|617|0.000
1577890261|617|0.000
1577890262|618|0.000
1577890263|618|0.000
1577890264|617|0.100
1577890265|617|0.000
1577890266|616|0.000
1577890267|617|0.000
1577890268|618|0.000
1577890269|619|0.000
1577890270|620|0.000
1577890271|621|0.000
1577890272|622|0.000
1577890273|622|0.000
1577890274|623|0.000
1577890275|622|0.000
1577890276|622|0.000
1577890277|621|0.000
1577890278|622|0.000
1577890279|622|0.000
1577890280|622|0.000
1577890281|621|0.000
1577890282|621|0.000
1577890283|622|0.000
1577890284|622|0.000
1577890285|623|0.000
1577890286|624|0.000
1577890287|623|0.000
1577890288|623|0.000
1577890289|624|0.000
1577890290|623|0.000
1577890291|624|0.000
1577890292|624|0.000
1577890293|624|0.000
1577890294|623|0.000
1577890295|623|0.000
1577890296|622|0.000
1577890297|622|0.000
1577890298|621|0.000
1577890299|620|0.000
1577890300|620|0.000
1577890301|619|0.000
1577890302|620|0.000
1577890303|619|0.000
1577890304|620|0.000
1577890305|619|0.000
1577890306|620|0.000
1577890307|619|0.000
1577890308|620|0.000
1577890309|620|0.000
1577890310|619|0.000
1577890311|619|0.000
1577890312|619|0.000
1577890313|620|0.000
1577890314|621|0.000
1577890315|621|0.000
1577890316|620|0.000
1577890317|619|0.000
1577890318|619|0.000
1577890319|618|0.000
1577890320|617|0.000
1577890321|618|0.000
1577890322|618|0.000
1577890323|619|0.000
1577890324|618|0.000
1577890325|618|0.000
1577890326|617|0.000
1577890327|616|0.000
1577890328|615|0.000
1577890329|616|0.000
1577890330|617|0.000
1577890331|616|0.000
1577890332|615|0.000
1577890333|616|0.000
1577890334|617|0.000
1577890335|618|0.000
1577890336|619|0.000
1577890337|619|0.000
1577890338|619|0.000
1577890339|618|0.000
1577890340|619|0.000
1577890341|619|0.000
1577890342|619|0.000
1577890343|618|0.000
1577890344|619|0.000
1577890345|619|0.000
1577890346|619|0.000
1577890347|619|0.000
1577890348|619|0.000
1577890349|620|0.000
1577890350|620|0.000
1577890351|620|0.000
1577890352|620|0.000
1577890353|621|0.000
1577890354|621|0.000
1577890355|621|0.000
1577890356|621|0.000
1577890357|621|0.000
1577890358|620|0.000
1577890359|621|0.000
1577890360|620|0.000
1577890361|620|0.000
1577890362|619|0.000
1577890363|620|0.000
1577890364|621|0.000
1577890365|620|0.000
1577890366|620|0.000
1577890367|621|0.000
1577890368|621|0.000
1577890369|620|0.000
1577890370|620|0.000
1577890371|620|0.000
1577890372|621|0.000
1577890373|622|0.000
1577890374|621|0.000
1577890375|622|0.000
1577890376|622|0.000
1577890377|621|0.000
1577890378|620|0.000
1577890379|619|0.000
1577890380|619|0.000
1577890381|618|0.000
1577890382|618|0.000
1577890383|619|0.000
1577890384|620|0.000
1577890385|621|0.000
1577890386|620|0.000
1577890387|621|0.000
1577890388|621|0.000
1577890389|620|0.000
1577890390|620|0.000
1577890391|620|0.000
1577890392|619|0.000
1577890393|619|0.000
1577890394|620|0.000
1577890395|621|0.000
1577890396|620|0.000
1577890397|620|0.000
1577890398|621|0.000
1577890399|622|0.000
1577890400|621|0.000
1577890401|622|0.000
1577890402|621|0.000
1577890403|621|0.000
1577890404|620|0.000
1577890405|620|0.000
1577890406|620|0.000
1577890407|621|0.000
1577890408|621|0.000
1577890409|622|0.000
1577890410|622|0.000
1577890411|621|0.000
1577890412|622|0.000
1577890413|622|0.000
1577890414|621|0.000
1577890415|622|0.000
1577890416|621|0.000
1577890417|621|0.000
1577890418|620|0.000
1577890419|621|0.000
1577890420|622|0.000
1577890421|623|0.000
1577890422|623|0.000
1577890423|624|0.000
1577890424|623|0.000
1577890425|624|0.000
1577890426|625|0.000
1577890427|624|0.000
1577890428|625|0.000
1577890429|624|0.000
1577890430|625|0.000
1577890431|624|0.000
1577890432|623|0.000
1577890433|624|0.000
1577890434|624|0.000
1577890435|623|0.000
1577890436|622|0.000
1577890437|621|0.000
1577890438|620|0.000
1577890439|620|0.000
1577890440|620|0.000
1577890441|619|0.000
1577890442|619|0.000
1577890443|618|0.000
1577890444|619|0.000
1577890445|618|0.000
1577890446|617|0.000
1577890447|616|0.000
1577890448|616|0.000
1577890449|616|0.000
1577890450|617|0.000
1577890451|618|0.000
1577890452|617|0.000
1577890453|617|0.000
1577890454|616|0.000
1577890455|617|0.000
1577890456|617|0.000
1577890457|618|0.000
1577890458|618|0.000
1577890459|617|0.000
1577890460|616|0.000
1577890461|617|0.000
1577890462|616|0.000
1577890463|615|0.000
1577890464|615|0.000
1577890465|615|0.000
1577890466|616|0.000
1577890467|616|0.000
1577890468|617|0.000
1577890469|616|0.000
1577890470|615|0.000
1577890471|616|0.000
1577890472|615|0.000
1577890473|616|0.000
1577890474|617|0.000
1577890475|617|0.000
1577890476|618|0.000
1577890477|619|0.000
1577890478|619|0.000
1577890479|619|0.000
1577890480|620|0.000
1577890481|619|0.000
1577890482|619|0.000
1577890483|620|0.000
1577890484|619|0.000
1577890485|619|0.000
1577890486|618|0.000
1577890487|617|0.000
1577890488|617|0.000
1577890489|617|0.000
1577890490|618|0.000
1577890491|618|0.000
1577890492|618|0.000
1577890493|617|0.000
1577890494|617|0.000
1577890495|616|0.000
1577890496|617|0.000
1577890497|616|0.000
1577890498|615|0.000
1577890499|615|0.000
1577890500|616|0.000
1577890501|615|0.000
1577890502|615|0.000
1577890503|614|0.000
1577890504|615|0.000
1577890505|616|0.000
1577890506|617|0.000
1577890507|618|0.000
1577890508|617|0.000
1577890509|617|0.000
1577890510|618|0.000
1577890511|618|0.000
1577890512|617|0.000
1577890513|616|0.000
1577890514|615|0.000
1577890515|616|0.000
1577890516|615|0.000
1577890517|614|0.000
1577890518|614|0.000
1577890519|615|0.000
1577890520|615|0.000
1577890521|616|0.000
1577890522|617|0.000
1577890523|617|0.000
1577890524|617|0.000
1577890525|617|0.000
1577890526|617|0.000
1577890527|618|0.000
1577890528|617|0.000
1577890529|617|0.000
1577890530|618|0.000
1577890531|619|0.000
1577890532|618|0.000
1577890533|619|0.000
1577890534|618|0.000
1577890535|618|0.000
1577890536|619|0.000
1577890537|618|0.000
1577890538|618|0.000
1577890539|619|0.000
1577890540|620|0.000
1577890541|621|0.000
1577890542|621|0.000
1577890543|621|0.000
1577890544|622|0.000
1577890545|623|0.000
1577890546|624|0.000
1577890547|625|0.000
1577890548|626|0.000
1577890549|626|0.000
1577890550|626|0.000
1577890551|625|0.000
1577890552|624|0.000
1577890553|623|0.000
1577890554|623|0.000
1577890555|624|0.000
1577890556|624|0.000
1577890557|624|0.000
1577890558|623|0.000
1577890559|624|0.000
1577890560|623|0.000
1577890561|622|0.000
1577890562|621|0.000
1577890563|622|0.000
1577890564|622|0.000
1577890565|621|0.000
1577890566|620|0.000
1577890567|620|0.000
1577890568|621|0.000
1577890569|621|0.000
1577890570|621|0.000
1577890571|622|0.000
1577890572|623|0.000
1577890573|623|0.000
1577890574|623|0.000
1577890575|623|0.000
1577890576|624|0.000
1577890577|623|0.000
1577890578|622|0.000
1577890579|621|0.000
1577890580|620|0.000
1577890581|619|0.000
1577890582|619|0.000
1577890583|618|0.000
1577890584|617|0.000
1577890585|618|0.000
1577890586|619|0.000
1577890587|618|0.000
1577890588|619|0.000
1577890589|618|0.000
1577890590|619|0.000
1577890591|618|0.000
1577890592|618|0.000
1577890593|619|0.000
1577890594|619|0.000
1577890595|618|0.000
1577890596|618|0.000
1577890597|619|0.000
1577890598|619|0.000
1577890599|619|0.000
1577890600|620|0.000
1577890601|619|0.000
1577890602|619|0.000
1577890603|619|0.000
1577890604|619|0.000
1577890605|618|0.000
1577890606|619|0.000
1577890607|619|0.000
1577890608|618|0.000
1577890609|617|0.000
1577890610|618|0.000
1577890611|619|0.000
1577890612|619|0.000
1577890613|619|0.000
1577890614|619|0.000
1577890615|620|0.000
1577890616|619|0.000
1577890617|620|0.000
1577890618|621|0.000
1577890619|622|0.000
1577890620|622|0.000
1577890621|623|0.000
1577890622|623|0.000
1577890623|622|0.000
1577890624|621|0.000
1577890625|620|0.000
1577890626|621|0.000
1577890627|622|0.000
1577890628|623|0.000
1577890629|622|0.000
1577890630|623|0.000
1577890631|622|0.000
1577890632|621|0.000
1577890633|621|0.000
1577890634|620|0.000
1577890635|619|0.000
1577890636|620|0.000
1577890637|621|0.000
1577890638|620|0.000
1577890639|621|0.000
1577890640|622|0.000
1577890641|621|0.000
1577890642|620|0.000
1577890643|620|0.000
1577890644|621|0.000
1577890645|620|0.000
1577890646|620|0.000
1577890647|620|0.000
1577890648|620|0.000
1577890649|619|0.000
1577890650|618|0.000
1577890651|619|0.000
1577890652|618|0.000
1577890653|619|0.000
1577890654|618|0.000
1577890655|617|0.000
1577890656|616|0.000
1577890657|616|0.000
1577890658|615|0.000
1577890659|614|0.000
1577890660|614|0.000
1577890661|614|0.000
1577890662|613|0.000
1577890663|612|0.000
1577890664|611|0.000
1577890665|610|0.000
1577890666|611|0.000
1577890667|612|0.000
1577890668|612|0.000
1577890669|613|0.000
1577890670|612|0.000
1577890671|613|0.000
1577890672|612|0.000
1577890673|611|0.000
1577890674|610|0.000
1577890675|609|0.000
1577890676|610|0.000
1577890677|610|0.000
1577890678|611|0.000
1577890679|611|0.000
1577890680|610|0.000
1577890681|610|0.000
1577890682|609|0.000
1577890683|610|0.000
1577890684|609|0.000
1577890685|610|0.000
1577890686|609|0.000
1577890687|610|0.000
1577890688|611|0.000
1577890689|610|0.000
1577890690|611|0.000
1577890691|611|0.000
1577890692|610|0.000
1577890693|610|0.000
1577890694|610|0.000
1577890695|611|0.000
1577890696|610|0.000
1577890697|610|0.000
1577890698|611|0.000
1577890699|612|0.000
1577890700|611|0.000
1577890701|611|0.000
1577890702|611|0.000
1577890703|612|0.000
1577890704|613|0.000
1577890705|612|0.000
1577890706|611|0.000
1577890707|611|0.000
1577890708|612|0.000
1577890709|613|0.000
1577890710|612|0.000
1577890711|612|0.000
1577890712|612|0.000
1577890713|611|0.000
1577890714|610|0.000
1577890715|610|0.000
1577890716|611|0.000
1577890717|610|0.000
1577890718|610|0.000
1577890719|611|0.000
1577890720|611|0.000
1577890721|612|0.000
1577890722|611|0.000
1577890723|612|0.000
1577890724|612|0.000
1577890725|612|0.000
1577890726|613|0.000
1577890727|614|0.000
1577890728|613|0.000
1577890729|614|0.000
1577890730|615|0.000
1577890731|614|0.000
1577890732|613|0.000
1577890733|612|0.000
1577890734|611|0.000
1577890735|611|0.000
1577890736|612|0.000
1577890737|613|0.000
1577890738|614|0.000
1577890739|615|0.000
1577890740|614|0.000
1577890741|613|0.000
1577890742|612|0.000
1577890743|612|0.000
1577890744|613|0.000
1577890745|614|0.000
1577890746|614|0.000
1577890747|614|0.000
1577890748|615|0.000
1577890749|616|0.000
1577890750|617|0.000
1577890751|617|0.000
1577890752|618|0.000
1577890753|619|0.000
1577890754|618|0.000
1577890755|619|0.000
1577890756|620|0.000
1577890757|621|0.000
1577890758|622|0.000
1577890759|622|0.000
1577890760|622|0.000
1577890761|622|0.000
1577890762|623|0.000
1577890763|623|0.000
1577890764|623|0.000
1577890765|623|0.000
1577890766|624|0.000
1577890767|623|0.000
1577890768|624|0.000
1577890769|625|0.000
1577890770|625|0.000
1577890771|624|0.000
1577890772|624|0.000
1577890773|623|0.000
1577890774|622|0.000
1577890775|623|0.000
1577890776|624|0.000
1577890777|624|0.000
1577890778|624|0.000
1577890779|625|0.000
1577890780|624|0.000
1577890781|624|0.000
1577890782|624|0.000
1577890783|625|0.000
1577890784|625|0.000
1577890785|626|0.000
1577890786|626|0.000
1577890787|625|0.000
1577890788|625|0.000
1577890789|626|0.000
1577890790|625|0.000
1577890791|626|0.100
1577890792|625|0.200
1577890793|625|0.100
1577890794|626|0.100
1577890795|625|0.100
1577890796|626|0.200
1577890797|626|0.300
1577890798|626|0.200
1577890799|627|0.200
1577890800|627|0.100
